7768857784848745587446565686876458886686748786476553745465757777737777754576763463445447767653566355577654646575566474688788685488865664577876655577445
8658467576867776578548676766875454877557685858735677757436547735557577767465573473667474476337475745657766587478675876755684775544558777656464764785545
4758587457465554777846644585667558748777744774565545536476356456763357465336776563664354555336473433346775357468777667564568548756766847777474584654444
4485775757668476476644665465784444744476786774765633666476353656564355375533574676734743635357764765454664775684457466775474468775855675845447558644584
5687564766787546546548755546685457586888657437533377764665453647574345365333656767343574633773343544435674645575466658558474655677587476877745876785455
4868447587565465768877846565757665587735764354567766345436474545666637547663477546665573354744573633574476736476687757788454885847678465578556754784685
8688777565864575568844555584777584746456673777563357757366347547437757744546654664537663754643473636646676437355663546775688877584657774485465448884646
7655787467664577478875555777444644734655774334337763366667457554646544756346477553655367663635465673774735763433767434867586784865658457867487567465684
7575667777457464767765484776854776446674755565556745574477635665777753533111111164556355464555766535333664356736766646878466785478456554455858565665556
8584678476845644655788788477884663655777676654464647545477633474753351111199999113447364345764665643633576773375763435377756758676744845484764685858778
857774558864488547557686447576647563473644433647354473464435643467474199911S999916444565363673334465643363363733565563545546788446576647668855486564564
5785874648857757845588485677737635763567357676466765475375547536445641999999999916653734673676334745667446676736437636345646745464575748868857568787575
4458476566455667585464565545557767647353766546346446355675563734666351999999999915346676733375767433673645453437345656373333888885776474576766645744464
8888466554756486448646757464454646654733743377665636466773664636355655453999999714376375446353455445757554757644553637533764774666748488454548875886487
4474864488785687465647764643444573673363456533366334363356344535673547756599995717646737667743736557434676655565675353465434446767748577557745688547555
6655855878764684588558467663364544664647677466644664364745333457545343635646544654345677363565634436545633364454353557663534337646546677876846777645646
6486876854546666445884744533665654547477764535376436476463355437455547744774757664443537745344664647755377665377644377347343747658748457656774866745465
6867468484547577467874475657673457676673476734366434577463743743645573544554633635555545446447656373574646445453453643377777563463555647465746647657466
7586865658445744576833353544566357534733663737765346647733477656677465466663545657437556645774676676463745663764746544456764776576676776686647654474685
8667857458644785887556637467767756436643334667543633775344535355447376766765364357365546545555733563645676376645475345666744465436665548564485584666755
5854885685554674485333643575335764666535757336557665655676547447474434647475667647737453365437553335466477776766336467647746354456734658547656787866644
5886777865774477673747767354643477666566353333765767445743545767335663567574467534466454554353643656664365367553667557437453674567466678855675446688678
4754554464658577737756566337774765653445566364554663364754537463576335733325234646355443347655754546446556467446673546456537634367364737547758474467457
7764688574644774745455337445555565534665456536367663644564345373633646624233562543364274563644434363354645357566375345674646334357753634576448667665574
6858758757574735354543477353545635437553736636644365345537565546535452362462656423556222465344757653756544566633474555756644734677334755558877667884865
7557446485685576444745456477535736437536745674747466753366266624635544346346654443644663444535655537737564775545375544555534447553436733464447858466646
7646856656865673434434546533564536565563555475563477473624254364425362454442232263352536555626267654634373436735337476773764345444577773576675885544584
8675554455487446557774663556344735544375473637545737646632226644666335546233246562643662444355453567364673343574463744347645543445453674664465454744847
5784586557437757664563543376534667533537767344756564256356243224364266642556332242346223526435344322765735334736434756577765475337463453433475446884747
8448488447743457674356435646763766643553375746654465553563453443625645625236223435623664546563355625565366644475343634344565534537433645563684658685487
5587584475667655676546456743653536634676565363466654664434544633662553433226265243656643362264554225545235764657653574777647544754443577466766767774548
8788767666653443666747567464735737353735563744664522323564435664553334533645633253553252344556433543424244366345576347553773463375576674373356745687566
8578767554743556377775755457767737674774546636624652565662443664446356524636562334643353366534453535262253256676637747737465466773373577736643776777887
7588886567635443556453755365674556647433763554322345266262463334252323456442363345346253232665462243366545345646464364743544357774376533556566645547858
5858586446563344634536677377564747357764743343635523532656222422254343462346463625255466365642436222364622626747736456743466364663764764566643646555877
5476757356736557775336653747534766563574725663434424225636343434634252245465425353665552334425625262243234345646635677347436477743547573574377456687547
7568884643563373475676755345346477735753556653623235632553546623644262355335433565334362354665235456452254633435474374474367366434436373467765343784888
4565667573537474764773434366474645657462256424566335265253663655322444252464353655453336244233654366253626534443355743557556767776444544453353735666884
5666755334544344566456746764757567563643344624345455445646634636466354362462422656253554536245266555333522562653633337473756766476633373446365466784854
5886566737647455755736473455353766344335645622223434255242465265546522242324565453456344255334346634446642523342426446535676667663363745536665663364478
7788674663457465574676766673745334346266254423454346425663524224563635664524335366364535566365522542655626425532264675774637754667663364536753433535644
6476746476635674747373564555657755536442226422232462232624455534364423445656535556364364446666424542346662432465326334347354333574643634765536655444858
5575665536446636654366433655535435663634464562323556553324554624364435634324265545542523534425655625333265523554433454363534355475775737664756446637677
4556437455666336643577574457365752665535456464523343262334645554523264446663452363536555342656234242545643522235422244345737636566556666675536634633778
4477565575437655745773776445376742254543542536545435362253434622222324463223253444365242654326366352326444525566564332577743645563546464755365666364364
7743464747656666456464373443577542242534323336425524252633353323246322625634666355242262626544555265655462445653652356256577747375354635453453744635365
7735763534457655577763463377775636366564235222234453245445653656266533236236353242453533644456553435323335554443644445554664455643446677453577445664378
5465556364576765553344365566672234343634254544622445265322625452653222445626342634442552635245354543424552666242645442445446345446664446533576375363747
8545534435667667346363337375753264653426635423564344523465334454536646643343333632242344666233546546353643636333352522354366445777773373373765754343645
5755744755777666467347344655343562444622324534364434243545523632662665255344423224445464464363244634533224652466663632465375364434334576663556336465564
4446753657663375363737735433432232532366465333666644334422232645224543542445455425536545533356435635622463256626462526632265465434455576753654545673654
4746775774476647475755665677454264563333252253665624232266343444325522322522534554524432256263426263436523262264633456566243456735434476445736637464466
6547463634637443743444355735622465224562425253662563532233626442444243544354422335232533532455534326223542634544322326464326653543456437776643665735436
7445356667573446765434366443624542662225262233323334364656626245455543222535252423323355444624543422326364253645653353456263637376635437465677575536754
4435763457443777765353377455424355232565456356456524325232353442325234345434534542343223225543524666244322253564463352644643755437366533434536644577455
3464343733443674365734744654555553553665643334623262535643244432232442422453355242324343355246623663462653242623562442434663666763736543743744653647633
6334764474476765563563764343322265342324465252243555226565223322332423332353252244543224233223345634223455435253625622354326445533644657763554437667655
6345575557366634354743555434426534324426535365355435333332552353253232255334345535552232435232463246443325422323655253625263253664534355747533675343344
5763734436767376466447735366223645363556464253436434544344244434333455432435523543235253325425325466533342654452253522363263246463363445735644674463344
5635344373354474347736565553254226332222642352332232443244325344525323254544435223344554345523443656446345236332526422254436547637554453474555376346773
3334434743767476756733453634522325462466644222563523332443442355332255525322524553254332435332524666442443663266623655263356226455345545666376757734436
3675434465563453746656545562563334226254343424625422522255444525253545534242223324353524342434424336633355644346354423356526343774777377464447653535345
7574637644457673475774443666254423522424644554332466445224523255425444535523342425244533534333342353562434454445662245434553524457556637366446655735575
5635635767364577756744364532654465346526244624356563245552545532255454323243554353343354445255244425333422445465335432544434655746743547477537465544354
3375367747673365553753654263423623526266463264355542444534434332352244254224332344535333442553245434352356332466263343546554532745465675737764447334333
6754333467577546437637525324246624643223624364265333245444424542535344452342432435324223324344333543466552535566536245323224553675537546474657456736565
6647565776444646357746423343444232326255443524644322352242545433422353533544225454343322544354325524455265646525526323236445562576443364343655755464673
5337767436636364554443624335466545425353464563352444452354252224234323534234342433322525225453432235363556552256264234253354252246765453433533336674643
4634446433467544653565335365456225242453323344346455523233432533434555524344522224355434544532334522425263454434464266325636545233755343747375733676576
5653755475456345346775442453466234423265452262225432444554452353335532325352422454444242345332332252424264645265533545256234323656745567636664446335366
7334357564556776745376454262666645633652363634646235554452443254253524535323544333353232532333325243423544533354635566455245644444474573663634355376333
4534473764643574773346725455625656522543432423465435223455234525533552423453425545425335543345355245426525554533444424633262534455336634657453676763355
6476744473576574464436726363265543433356463542354425232243352552553544432544334535544435355335322433426352322455446462343265323534764667533444767776344
7467456677646466554334452322635454365644643626332343234332332444444445333534254554524223552332344435426263332544662454444253463437644366367654657436377
6763537736537753644363364563423254435465226336326535223443533332332534322223535232235552533525352445445345364444362223352636363567573764553464736635746
655337736537434746545664335453342245453266624524432343542433254222334232445@454432455325335334445324255424566364534642225643423554334356736735537636434
4663553376434467647744234644353325524356545265454222255553522444533434454499934435432324544345534533343462545453244433456433262423743753454377373456457
3644343657563553565737635355425522346465536624466453532243332244245535433599924235344344254355423235356425264665625222665654334665446337757677744545455
7677477476464447474467425263542243632324426255434434455235442235452525532499935535232225332254344343224433643365666533655243555644467676563366447637673
4545666733344467673466452235556633454646262542354253422343323354234554453299945352455322355353323532544362253635446344525436536263555546676655633653463
4745767364636456564664646326543455452663454323554225352552554522254224555499935524234334433354222433553533354442255366226664252674664745565536575465577
6777775357646365737646552343244463466235565343663552433522323434245245344499952443235423242555445434435446644664663432436446532337564536574364434563647
4437775767743766737537366533526234233363322243436634444225345332544233522299943552525345233423455224465335224533424345625432262474655765563537736744565
6734463736454536454465623345635525334333526622556553433442355532233222334299924252253452252243354343532355536426634632642636454237476753436553464633553
5357334466545375574647442654342355365662552354544233344555335522525545325299942535435234255245555543553225523633434466632265634353544535565666444654557
6354753437743676774456345534535624246462424432553242324233322433244332524399955235525345325232533553263424256266535262653562635336635544363775746737546
4734543333365443474767745463545245435325344345666325525433252443542434432599922523354454342534425442363665542466264464523552453655733554747543735646464
3355457345575744565466565546452323453364445342426662534522242254245234355599933424233442232544545456523232634326423646644534262567537644677467656546655
4574765463374653563644642263342224646545552266562552335235235245244443255399953333342354524435255224443526544553635554562453225775754534744563543337375
5364333573347533746554466543534345324532626555525445353532522542333423523599952323224553535435424362664563255352223323434323245465547345643737647674655
6566467635455634665475373643565252324243655335624544533445443542242234234499933453433244243232254365333654352654232523546655254343633467374347733663575
3645744577354673563676544232425262452424443265263253363243325235244433535599934334534434432533352435236553536565254243233435657536373755467555743663573
7644444676367574474376573526355664435626435562443335555245525352325554535399932444535332442234332632656244366332266553463452557363636356667757755645674
7653763447677535645447647425653456423622622542232556434455243333244552352299932254443444322432345366646223446636556223446543445564654353573665773753463
5647636634675643674657473746346534534526364353622352265345534353454332444299952324345453423344232633354545444342443225555442346475365664654566765754745
7377734353356773633567443752425223226532566624245246645425534324423332255599934253545544322546252654466424422365224526633563635365466546765447676553636
7333556646444653343677453353546244343655362456565232355466622355224545324299923244433345344262445245356524633535546446252444564753653666743355533647646
4565345563745375744763476373236333662456535435335565526324333435355425544499944522333345225256354354546533342533442323654443745775576667465546554745344
6574556563446446356663766364243456543546566426243354255635344332443223354599933445422543355344324355523566232232326332366546646755335363454777763643654
3576457643645553443544446343524336332653626663335622334553633436552442423299932245333534364265265323223445432355224226362334577674656334355754657744476
7576575437675474465464563565446564266425355634225424662365645462356224544499945543522366266656242543245653522642356635454664433434533576677766674343744
3337365747476763744434677746533236455623524245255433226335242525663366245599944556265625252643424262232336666546252554555266775436647757444646455757547
8574335575566543443455637675776564423466543452656635364552226643326444523499923423353564332346362322646266546255235426644577677337347657736376646533534
6754536363757757746375433365642526423656653633246426425635333243434545633599953465624253344562364622562435552626225632464343474744657576653444336577476
7477463764635465446465564647565442656542452642422453442242652542455553434699922356553625346353444662243443346324556455444354737346455454544573355434437
8836354764764743646666564753457326524234656665262665432424255544233536434599945436265254236665453462232432424353263466343436567445637353433666377434455
7545763736537757376767536535636545355233263264564354544246256535465352443699953644666642336564542324455264463323543455346577445357566333435433743553578
8474534367767763377674745774357765625333525655345465525543453332244445364299945644554636563535223642443254326553234562364733774444476746653567776674888
6843753336457547764446477563474473253424366322632264364544322445253532562699964656535225663364435534226522654623323235665674346373347765353344557334448
5778357365743677744565555653747477624654222642525664332334624552636554465599923363644644526445525365445225245243342675766643456557365564555477757677564
5784373647463474676475564643747757734426645426356223223366662565425563235499965244556562655626365466335446563654632446564737573547547755455475465477576
5654547765663645564677537356335476676552462524246426366263335546423253424399944334664654526226336564624432252645354567644457377437357543573677473378877
8477673347636443345543563375346633454746233236433264666322244464255546256399955544623262246225655362652666552236676577664776745536363574546476676745758
7674466573473445363477364773736574657366356634324555454525265554356466223599954664523555554423265664333535254453743766565756757477757665444557734786554
6746847775735533573377567354556455555434565622255634623366253423535556353299956333354464625542563233635262465444573573563577747777547473744536667658847
8586565766476366435433576634745645554537434563546236244555556242645655625399922434554364434235343544653346256443653367446765753767463436376357636765874
4477677463653633455566753437534737535473664435234523662224536652232436253299953332643524622324333455636523346575437435346336564376477435756737446854855
7764647655653333337664376557477744766466663654644523465555635223562564646499925665552643432464625255523264337636737554664636476636367334547437665746754
8786888783467554773555647576354775643533775355332322254642242563633465366399922526366242444625456453442452343747646363774433376767545763777556444746867
4744866684754537545777677575645747754736755675523525555635323544356666423699925644344344463565442222222654465657563567663356736336454463353457667746686
4888455578747346433537477563745754344566564454736362526263532536654364456399936655246636633465624252552656453567645543366577564634346674434654747786654
4577546776557445677665546465344453433755457366763454423564242563433262362399945535363653534242644623225355636753533453347443365534765436476444757645666
4474748768564677334347746375773635374343436774533652252463626335235264522299952242265223632542556263577736754446356573665565357774747666453468686845676
8786458547673374447444377376664747357774757447444675363533652366664653665299962442362552442354546455744773646374465355543437563746547447475887875784478
5756487584657465674775436675553735746465545464634374366246452424224633235699923355264263422625437547573374567667577637364374444666763736678875767867557
7445576584548556377344574776364733763367375557676646455357665224353362442299946265355264436637755747447335555734374767466646546634337476584746577588458
5446747567568854735654476346345443733573654657735774743763575642666334453599942224252232434377355553773576445653473673365665666773643364667546746877474
8667674666874747555337567577344336567745443574647337455657373666364462244699943354634255563644733573753635456434544445337734474673464747564568588457677
8478657875648754476736454346645453436445635557735536545445333466647337746399973743646353374744344463576347553437457653535555444457475756657845447545777
8846584576748567453364563576745573446375547756435667553457676757357365444699973366667656677576354435377764766546736746755464746676734386868664447465487
4466747868765464583547737456475463677547777643466774455675655467766454635599967343367566567773775677745357533566777736566363744346676476677554557865764
8787486778545475865736733633455337666537555535773377477446753676776563433599933764675634543453546564746544337574656634574566477473746784675568674757647
8485576767477668878467656767573733656563455333534575366355455354434356563499965577744575665675334644444355475453474735646546475536746887884658565684758
6487655487747764544585555454677773543465643757563366747575577475654456536599946664366577547357334674554346344674456745763437766467754865446685446654565
4777588654855688887774377444774554436337466356775544335534634535576763643699974573477757757744635764675733757764576373656633354644586588545854768675568
5788544887454744878546877533465676545754566756735765764557745547777567434599933447464745646364567465667437577373354665555677357775857486846477488857585
8688775476478474454867667637576335445535663573437337657654763433345335675599965765763775536433456564447435444375765354776647344844666576557487844776885
4648767786657467454787665853436743673435654355467647666734547373344753663599953665654737564334557634557676466667643556464337776775778658577548578777455
7664866654447885484786558854537445654647765745465373343553773564464375773599943474735566347456375336346556375644347773735564686844458777575747556467784
5657568866676577555787587467447367454674456573555543437445657653667656656499944636443356534646747653656657667567446345543678564746766668565874457575874
5868866555554464764465684878766463566465653537567635636666664763676564456399966755734574745776764634555336333754466436735647557786788486666555644874565
6445854544666466645567888468656757336645566673347767454356673566434467566599963675744557664676375736337563355446447766344567788768765567887658586746747
7646784757688786787777467487756563737673574764375563735554644345533574473499945343754533646573357567354645363777774453864574484466487667668745657886444
6565486478876568564688846575486554557353367745374546673737533453465445745799934356365357346554733744636565333454746477444856544876576875477878687478474
7686586584744684747875665865766846543446536545354575363354437356775465574599945773463345335643776457553565663766443677886774857487884768656748864468458
5454488847548875576668645888758757668447356456534353644353733434445747565499967547437474347475347656647564567375578475684576686766568874776548864866574
6757774767546857777757674876658446684858456556673356644746744575547643376599943354443436557675475545576647567476676545586578757776875785686865588765585
8444645487875557475656848788777578655475646577766334444643347734377466543699947457547533744363444477735574337548555566466784765677848568448885554687788
7866558666878888887856886676648784567764654554536676376363654435736746674699963467754635364657573435636674776468654665688676765786775677454757788447645
6744444664887754855767586474474685885787574554656464547463774543333453343399954355447366537647766575356358567866676845456566477676868475846876657758577
6484445476746588458544557877787448667478846587485637576753665337764644637499973745546756443463337664744778647755877776886868646877857548648476867754854
