7416724313181576543245538552678
6864468463293431759817739718334
3328285793889458311996568819435
2973935298419713443929675542243
9651794862633871476641552275193
8889524649211822334225138265739
9423154631466114624346683459796
3417182146442514268582112364185
4127859146426117745145884583692
3342264318958222594873396377827
3415861911477881512763756818766
4168673791247983883621776847885
7559792758724657753414224692518
8578141989246599458329341189496
7728865493254342492558997434866
762961746691396@115677435288885
1392225943845978339187685218683
1765694799167439424888243226495
5641349889187362955871985842647
8797845497699811297775842338179
5114648427825957592363588235271
3837235331762279112595351456321
2961581538267928321768131937365
8278149498633437884567682869619
1229862994172698623989466321543
2564199715828623853836627911618
2193117436583183862784459429964
4944778913629317669924572682595
9431825525746653945361721351634
2353343389234685166332163721525
6322952316877428226695612714869
