66241578254354117231367474254212843132246416283787521525784158623427417358242882676347386765767754622
31511162757542447835244678138665727386462225248283618628516767125351516831876827623474858237637211331
21356276845753716583736483662348748861233726236544671533665616238656446815424842723753823843527511553
22388544885764567818552213125737534623141836354561212141622838618657216151474323813462466433877548844
25744225284243446427556423288223826846648111162362685841155782237684315361712878835386781124333135776
55356838616253564512156134115185566531523764616824714118422176648182375172475136486282425348265353728
77124362211483137538431741721553247125223733582233865344241448587518742145764821851277655788788376622
77748528223866224325258316256358313646768418683618111834681888864523324813624458243275818547876547683
16874711151441213322657671875178311557471814654217151234784656661718523836735234634344441248223275211
17241183366261655863417482766654181586272558324384165528825564224865512355748466237246761337153712373
61443112578288412876414524383164456548438834812368823117171441251368264878713647183881518814272655252
63454664466818412184656643474172581223215286698567984857677567581726148172864165247835348614587461715
43267338345716373846856756226884782143254858475674975698845676427342672158284258882218424162367172533
13684826433448438822563275356642348264867847995968475666999464959854188145575832855151175612123138414
34683861547178574632168227456876558597964654445488856557995556665465571678663282178172361754682111831
88875121653261647832867775222814776885599484544897647886746894748845988183188477176567513586277274536
31287387556852132535366311836795899547775697894987645455964647744948974514427688844512142157421618418
15658217352228836731784632326448778788569469746554977774556446455644489774231246831211537517634688123
27823674748346332164241817894595656474988588894756987945576994985776879767633538625757637737353216456
43215436853126147686272685495775884664764887699554785644649654579684754599566485576717714413837267258
52146221156622333143626526894885554684479869686575864676687658767989885948747857341252768511867233868
33168172214855438224835489847794658988968695555678946678448689477646685446578473634743434448687423483
55882684116442544265755659498476965997485849484757667899555885648656749996694774136332764858352357283
18523177585111134754147854979868568958865855448974564596554945597976885558555579466373462771318172454
14335516754687877348346967596796857766759698689785767779976864685955464944599979785856145158467234258
51288628535431645316868684595864888467657498477864978557545978869766576464984895572121514647737277816
32642745285832667268684748865947986865665856867764864659579486766585495454448986449478646231131834875
13822187144432155879994547848668548689587654874795779694875689747966674877989447855883688781684612547
58386386841554551644598778977878845855655765875489687588459496787874567956885588775955633511271583447
25578736673484674746549987494499889649649884569679676994644759947865896776878467444884138734535772741
44788257834135318566847695575685564474747696687966488994574599686958844656957679647976223577528824858
87851844521385828965484495495949475974799648957599986775798676595488889966695997454685813276818365833
38764382477221375448478555949474979865954655568554785568776694668675785797857747784947815723676621388
17244244562268894856496647465494899879988784697459855656549487476494756946844764457795614715364468448
28483653881714557967465898995457485579544966745594597587698848946469659976694649965785485225255728128
41654642548674885694578766766794886666474564795445948575847499867457766897656566548698944844758715238
41164184365365745648594896654995478649848477795779564898849578467488599544469696496577685466245584444
15468155885837478847594567978657544445964495957844867744759967968695896896495464864454674548445443225
77235854628789545778986695756855886947467445779896659848877999879468779796744666845766964751814525417
74654244311274495474787649746847566767669895948864794596684846957944896987579956478488769516818767578
56123335374874755549474459579486669686479565549865864997969945645885854446994755676757748874467716325
65538666588387465444696997466865788877844699555569857974899656444756485847467848596968969946411572723
81226575684387757985475574555759467446877879986674498878965986695944547556778699894744995674157414612
22822316242578778564786856687977467599544986688554786594545985894874888595975697467494657481451881868
47457275868947598697779994766796797894866595969777746758948859999768658769558488798759774785115875187
74365154557865765777755899976674994947894884489689556568985777696848579588899486899447884462473858361
36814244336544866948786655455956847484757857659655477489949595887764759768944798687946548751635167667
13268865743595698875957896648785457445968956947845469548989648644764889787875764885967958692158721556
45268763136485976455995789594576948847686784564676497987978888857678878696879445686876898796831521248
73223371675957984748995885946769664494698774984475657598489584954549947668777754965594685784714157465
18423537615955587487896667968995465598984664958487@99686867764679464549996786458859947999762385817888
58353538568777487745976564568595957659468647998545557695588567669984775879845598644765654887171788173
77736432163498944586869646689775444565457769577859998775497556479944975779444947786866756448526462587
45537742746775749487558797864596957586886657879667775986589864984569848568668856686745949885324584581
47542366263579648446874468669797564474657685594956485855568674577955977479848664476668998891131538246
24475615762549844785898746447597656867665875976555767848976955567647855598597674764895596845126161421
33836617775455788957986464647884497756968867568658648756584588545495686777889654586489654558427131627
11418347523658597776444886459956488577446854669569576669547854867977478469695669555794597857663366573
42176372833584465595464999587856799698947898647845484857745448665885949875659946858885797997668267456
87261222116274584486457784478675444878858549767876498879674846846976589959988645958789984921771857448
84687713574664875668857996678898495877684468946849556496459455677576568778787795954785995468162218468
47647812352698889859577775659589889768584498596887784956444959575487648775998575566455764451254731477
61514367613496994554685757544696767599659887887959996746677854644464489498766475649544858546753781262
78156312326115684768698749858979769547946564499596875997897467895799767684458585465457548284354153842
32417364576859984798484884586658979884449559648969955579988477744688565566865889798889977376528664254
43334577477724684577956648594548598458986546445548577456886596846758486894987568545799898264767121352
66262412336125678476797876858548984464979697657699955566674675466594858658658479568898572246735442255
31574421577412994475654554656746599669855847876946895897995685696767578449795969587555658675265522234
84751528248877558777569489945674985946676876595774765445765458997684964958486484978744923655675747622
82231651824545458998989756896758766795596494557457794666876769475459955875899597465497976147677287231
85637138147176248689545948496779874845959758667555446945878866889745596569769874759644756272553572221
11273886326238765979574484975877987988678647486896898894894587476584576574766889674564235785745724678
33581558762745734878588885778447764499989468574589675879469966748456995488779954889762453785368173834
64846374748824314796746779499485759777767974957588865956884854977785749964468567849444166388435675538
32461622816381867344966766789579475587867894798878559755755759685944698875496564874575121885258677658
24744717856127648276564564676867986469546889868899789555448758874745544688669454886824176574713322733
74511452446555411322588689797578958679798569757745677559557495747557954464579778666377734322257471647
88164642381533127545457779695454945669848994549696744959465468649786465599889965746151457667687286575
68456581163562432443686769577655649955649479954546968886889874577577698675445866926545345751817886555
83612781414278217156219975998699685989767688475954694688484757665458947849549889421131857837573578766
56626566824582781264815889458479648677695989474465644869945475578995985666587553531567178314633616533
77382427168556744474714564564799858569567995655645444989996964846988784599575128346413123484435612383
63248357423257761634812538576899598887668958748688679889575944485476886874998378541438134782878465284
42228333587174525427277511666784547597957566964646579747547475888987657568728386764458622428234242581
51345862443258243851478172818756776448986964495587689876444875988868876576135235485237212688436888814
31488848875311563625615568421488967979448766498576766549557879974588565583437832717414716184763844263
58322476246113158241756643215522657647477788599676554898784568486558561481268434234583833787113771774
22771524518274275137168465243728125899799849696959756964559777954775343768727762741312542153842768672
11471476333224742433736687451135357695654875899578599574985994775442334377536771566538514348368116884
36851642337785732283147424617678658578874967849794465589797597986454452688555328235623422121821544826
32743447565664246755443376342882754546646477689589954558996156315857471318813467155475462786643646248
72247886624784656633681187513533411327464251247627477163271668642214746875876536225113868354824863667
12126181883262252685821728863454666427138161655427442827723613872432716257288181475268815561657676657
18354743214712515316265687215644426545235826431416843652486145244178526171257231811585817543878226847
86725858476138134451543878275111256723244635566757533838662263552485887475456726352872144382834225437
76565628462677154186773268545431121548438824338124357676418276653412226745763532184624826116714231126
68811374225633644245153622333582734481888611837155586431478311356836383322728582726767615217831715864
21632324661786475147747486367347322472131131176461575713688877263686475877453478576613567857868137782
36221247563227434768735546465872254688144464565646125218357353466382157476747284635474651578272374423
41435823765525848647873777683173151854343324515485135326738243566622828127452224237415557414884547253
15134775174584824284513328537675622138253524344842262261776775837568218672556347385521758488115211231
