308416197
4704330894
8617318674
16632764560
35319898864
54256567420
59128960162
64339913733
64344622840
69912163271
79671559976
96475786904
131543607228
140071488346
278942768122
301891053827
358853237838
525322934043
527844150325
557861985437
599373929016
722379649266
732620086440
768433346350
925383507843
941772224853
1017117321191
1107679332527
1122818091937
1240007867521
1294807592875
1308813752533
1483168263595
1520371709797
1525336682052
1526337932720
1527419824838
1659297488829
1837583204507
1862977007140
1929677372066
2109650491926
2240079758889
2243591231232
2332092482190
2480145142729
2501043056759
2575130317523
2592300339952
2753681721544
3250284764799
3336513487942
3425555286620
3567620149901
3750086072550
3849861933000
4002026722544
4151138218512
4226070245668
4609955728472
4654526421759
4669440156886
4935399330795
5025680027434
5114914651445
5588900035050
5728574694945
5862350836047
5940040852517
5944704518921
6105760186275
6141259022172
6282207765748
6292384565622
6786816759775
6792932496187
6887765979975
6917749550032
7010355762257
7266933796100
7352297914864
7363564454939
7576450020179
7990237714063
8273278553177
8474321479562
8567904829897
8677146895177
8751273256547
8782005101376
8864889896721
8924155983034
9034378958143
9076455317319
9264959089366
9358353843831
9420442499361
9679693474551
9771706710229
9807733032613
