48455,47779,1643
93297,2298,1504
93297,94641,864
93297,97285,1787
130119,38798,1696
130119,42937,1888
197741,106607,1695
197741,108736,569
254077,163079,1389
254077,167014,1521
274251,141928,1691
274251,185304,674
274251,186893,1969
362044,230191,1156
400202,267907,1535
400202,269956,791
400202,272156,961
441134,309167,1520
441134,312562,811
471652,277994,1475
471652,341864,980
568624,374937,1611
568624,379403,1924
592315,350507,1708
592315,400994,695
592315,402205,575
664503,278081,1671
707757,321706,1548
707757,323947,608
707757,325507,1008
770000,383897,1212
770000,388328,1111
820049,433667,1500
820049,435962,510
843832,409084,1390
843832,462329,626
929042,494258,1643
929042,496155,739
929042,498151,1517
942818,508129,1679
1022748,588081,1274
1022748,590524,944
1022748,591726,1316
1103810,506116,1617
1103810,672184,1276
1134598,536977,1618
1134598,539136,804
1218480,452574,1422
1218480,625127,1750
1246061,479964,1509
1246061,482142,995
1246061,483284,654
1320808,554914,1011
1336788,570872,1499
1336788,572833,804
1336788,575234,1337
1408999,497975,1636
1408999,645953,641
1426861,515532,1645
1426861,518232,559
1502440,591485,1575
1502440,594953,528
1589468,503475,1673
1589468,680260,573
1589468,681530,688
1680226,594527,1489
1716742,557467,1071
1716742,633248,685
1716742,634380,746
1758233,515749,1549
1758233,602530,941
1784255,489941,1281
1784255,543666,780
1850922,556362,1633
1850922,560036,1103
1935180,640441,1753
1935180,642605,527
1935180,644531,1800
1970349,675997,1335
2056829,588880,1621
2056829,764711,527
2056829,766250,989
2094460,626561,1254
2094460,630307,519
2157164,563099,1653
2157164,691829,951
2196603,523629,1309
2196603,606679,1221
2272438,599530,1543
2272438,602206,675
2272438,603204,1623
2350507,677505,1801
2420087,747185,1307
2420087,748945,975
2420087,750157,506
2471005,695386,1470
2471005,802719,1358
2563907,788632,1207
2563907,791068,572
2585887,810470,1243
2585887,814534,1034
2638741,863387,1586
2638741,865628,694
2638741,867526,769
2695578,805864,1378
2787216,714299,1352
2787216,899923,778
2787216,901749,1058
2834073,667376,1344
2834073,764559,576
2877328,710637,1299
2877328,712848,823
2976226,610799,1856
2976226,812848,607
3060573,695528,1487
3060573,697148,515
3060573,699619,868
3100112,734819,1593
3183187,817767,1870
3183187,820257,500
3183187,821362,764
3221801,778648,1457
3221801,861040,863
3292007,848587,1578
3292007,850726,695
3340336,799342,1444
3340336,900262,1860
3350539,789308,1562
3350539,812117,985
3350539,813033,1977
3366118,804964,1591
3412874,757473,1718
3412874,854256,903
3412874,854780,1813
3486679,683569,1397
3486679,835009,601
3583947,586609,1260
3583947,782874,707
3625024,627284,1744
3625024,631546,1281
3684488,566882,1884
3684488,688685,781
3684488,691502,1386
3758852,492744,1439
3853941,588018,1230
3853941,589663,865
3853941,591174,558
3888005,621660,1689
3888005,626171,1816
3987736,721698,1330
3987736,723594,971
4055070,653498,1476
4055070,792233,961
4102523,605916,1583
4102523,703232,941
4102523,705619,1175
4163845,667718,1080
4210529,620419,1140
4210529,716332,926
4210529,718313,1366
4284629,546006,1669
4284629,698904,689
4350214,480612,1357
4350214,614365,838
4411801,542353,1547
4411801,546324,1677
4503260,450036,1471
4503260,635758,861
4503260,637342,1017
4581803,528855,1431
4636420,583503,1469
4636420,585296,945
4636420,587688,1807
4663209,555886,1549
4663209,614842,1862
4692527,526778,1172
4692527,587523,651
4774815,608903,1696
4774815,612842,986
4795531,587579,1394
4795531,631895,695
4795531,633642,641
4811865,571218,1144
4909272,668481,1702
4909272,670805,931
4909272,671993,625
4931039,690034,1789
4931039,693477,1097
4958267,717508,1656
4958267,719760,659
5037420,637633,1579
5037420,799865,1846
5065919,666354,1475
5065919,668386,801
5065919,670332,1895
5077495,677536,1718
5173778,773765,1532
5173778,775858,988
5173778,777122,1904
5259277,687720,1298
5259277,863579,1595
5278182,668525,1399
5278182,708674,860
5342025,604759,1338
5342025,736647,1022
5425284,688110,1632
5425284,690727,734
5425284,692062,1210
5470663,733244,1684
5516573,779423,1365
5516573,781828,903
5516573,782622,887
5566695,728657,1412
5566695,832870,1268
5638904,800756,1403
5638904,802625,926
5690321,852028,1743
5690321,855449,753
5760300,922200,1668
5760300,923923,942
5760300,926295,1104
5811890,870057,1212
5901338,959461,1321
5901338,961933,720
5901338,963979,1828
5968369,1026160,1811
5968369,1031038,874
6044814,949166,1527
6044814,1104625,674
6104752,888896,1665
6104752,1012606,828
6180201,813434,1417
6180201,966998,506
6180201,968070,1894
6209622,843032,1249
6259201,792533,1823
6259201,894601,731
6259201,896360,1751
6283628,768270,1352
6283628,821293,1909
6348764,833662,1338
6348764,836089,943
6389450,874270,1188
6389450,878821,1114
6468762,953325,1577
6468762,955179,960
6468762,957684,644
6565242,856270,1174
6600565,820978,1165
6600565,894166,740
6600565,894931,1539
6657864,878139,1532
6657864,881058,1203
6736330,799099,1094
6736330,959144,985
6800520,734615,1801
6800520,866639,964
6837975,772025,1619
6837975,774749,805
6837975,776219,1497
6865372,744024,1591
6928135,681249,1273
6928135,808980,909
6928135,811146,1054
6952012,705184,1435
6952012,709437,1812
6984013,737080,1364
6984013,739459,536
7008525,761329,1612
7008525,764708,685
7044645,724532,1479
7044645,799514,792
7044645,801265,1464
7076359,756214,1292
7174696,854316,1565
7174696,856790,513
7174696,858774,986
7241557,921269,1644
7241557,925044,525
7306320,855663,1609
7306320,988524,863
7337665,886855,1627
7337665,890357,1496
7401936,951562,1087
7401936,953905,979
7401936,954483,551
7472396,1021607,1851
7521973,971124,1894
7521973,1073414,923
7521973,1074976,892
7592877,1042035,1565
7592877,1045329,704
7661978,1111512,1510
7661978,1113292,722
7674119,1123566,1438
7674119,1127214,564
7765622,1031311,1645
7765622,1216741,502
7765622,1218553,1680
7833238,962448,2793
