99999999999996597371549966991695714007148947051843804041539539378369358651296059149418113650998720734445357308260633896301860824959986484194723552929292482235404500745583704191
99999999999963543992877575415686374442273904437211048451126631176588044036399010155365516981759874123283351338736495081780484846843274182859114746055345358002283546579654539143
99999999999995919999179399114951876134850333182966862822763864551619692830967701197741138307542625075471130429832384167242969038922665467493126278714574487326426357299554724771
89999999999999999999999995084759832362638229329581849885321157928287561198112257166432137756769999977228694467941375570102107402743250632184861506162181925074503481030864738236
29999999999999599999993511719443271311591369576104883445197255107678838353985249339999999033999999995751599999906374798263835694179714403256395900275294225361900886899801031621
03799999999932599999995095062771592790327371547744003924770246988115136312322940549999999999999999999999999999997589569997338856654342406526732371718255407248816658525775838954
79999999999924322499935117460224177342514149123827707127333149384705548599999999999999999999999999999999999999999999999999855129675214831975583612532773009977105372566481708257
64499999955015978187114793973766067386451864338405276210875128657907436659999999999999999999999999999999999999999999999999976977998143906384597199185702155821644491334477355697
51999999923421447955228215863409311625125316490064751667135523659399996999999999999999999990943199994038299999999999999999999497159671201512610396789446396258662951265925928442
59999999945445405847609203960281218447582450440114977891002881999999999999999999996501099999756319999249309999949999999999999999999999931873850131825773423143062465244965402406
99999998848666754655098230423873133123439349818569342225267154706999999999999189999911909468898943765553153969656763999999999999999999019992436563374375212507006636911619533479
99999992279999199939914897584007822250992032549319281907930911747999999999843931982914538885396843056621606395315675999992999999999999928339937180139127518519245310423393443764
99999999999999999566455772265452909195020911248891775111209999999999994999939447731660607914077359984350705587299505599970401499999999999975243663264491416268020381811791243240
99999999999999994751336004493490915506404910346760221833989999999999949777205598703049374592879499871381035367903613000595413499999999999999999935701231087517850420096313540629
99999997019999996485024560595201773700882892484829562732859999999999991829249843681580559860653836704070534087445923232941547999999999999999999956740135627785616927268261820869
99999994114166132101825057667067802785657816118174686566999999999995022811940970687600638315564139570641665868560236612294399049877612999999999927091117111855532539192417657515
99999992712805387930295654453339617331997071765603782999999999999677731243889902290324488656610315205109616258716837645853450223810479699999999964255699407607406482484738276217
99999921421417951892878698049044631665396043458131099999999999997419806735818120134874845165091173598287091968520667652466697863975226699999999993992351846122529944154780672537
99999949451407036994225763236550162995065974330263320999999999665297707380181111386044195287470244450153261996735012010682981751995709999999999999999999966856805118155097169416
99999920924379687303055265012817062125409990096317004999994183776041462382236410913527919421270223641017711299183491413621857426780733999881999999999999995513729417728874231953
99999979994199948459332724150732608458287572896407999999987749472606231321934279787580599913999741833777712577591999861388511758474365569603179999999999993658579139403467190564
99999949999993271310688646735788299997394778155174999999999188585995258746396223957999999999999999999256607424612673835861426420473057861806734999999999957773065445182219688987
99999999999999849921096747690065527126530040514242699999325775881332390490521629999999999999999999999284422732812101651996095482783653434442743999999999692761811945003833239953
99999999999999343971273108693270378652223866925778799994084870528218235175539999999891033019849899999999975781709357145505452057853310012615899999999999811817499130403041950806
99999914899992273209066241363082081189122196674279999999967880895821570699999988111730958180442633939999999947291369761252760727211556922972799999999999999954222482760504908026
99999991112827046933198619917412892773911025039699999999945072190131145719999139902420369819068852793999999992313140436177185282940666896235331981039999999899999838611506136435
99999910504451937991787566554959474821865983218999999999123024322484272999988684465806110718118474001259299999792582539558612767915969670234181938452999999999999966811931136176
99999994136267369129730840493104671901971399904786999999289605212992365999946968586888884166450316724980399899999813026772580406497299651780028671598699999999999965161072774456
99999965465877993654686673115327306797660766089134999999922500185077139999141500888999999999231293549665274449999521027178143834693071871491779513377599999999999522441113102489
99999916992929994423920496065753777956106321907399999999231293119989819992397718888862940199992083348633147999999969180926190298676453542283311892899999999999996641470575332189
99999914999999422682515975393723250431419607183539999999623846134145349991603188888888894251999641043692013694799999153017057178449108391806177976399999999999956675792178312757
99999999999999997530355994934656564717514466315999729999930334229737839998043488888888884262199993783391213946799999833240653163660780604126645673270494899999999999935965297964
99999999999999982540913477509075772793558444600123199999995408740218873999545248888888888483629993214443656746999999257786642812941730534597865803378947739999998199995959079155
99999999249995331494229963432523336446498825373637999999344469384277358499936612888888888187419993847620997014482999895198751802205573310757146638467519419999999899999941655890
99999999974030374899985531773811099042763253466890999999999163238865476899998896343888886484969999600485424439977999995231879563109334370855624407697137606999999999999996404997
99999999925818169912917050574196968535261074683834074239999989882790514791999999999998821028449999629216506678699999992282769558869221737357389244191097274899999999999994777892
99999999981162575294673946896458331700517339303553945899999995168347953636086688888424647780099997177964349401499999962975360502751469970265760797443786099999999999999943174788
49999999995141526998045941545459849079134895328149230899999999967393097989566478720286907751999944691550003639940399991918805544796379530840177895264680999999999999999252522123
79999999995299916999062342866118571142683832753199435962219999946129571123006732123588417499999983798648849483245999999401357730633784318250846969914431499999999999911570273114
67709999999459999999639303967407068871174500837795352623149999999997892896365803887425845999999764507429256839999999999174043514233065931255784154125297399598999999994986641720
33529999999999999999816750332452473637511078134586473469799999999999399592383631492992999999927203571947510153938999940184535150082371534937485548765707289539729999999998086898
90931999999999999992534709630392696283528364092591256279133861499999999464999999599999999992454830737003139599994999963528289228344923746543905271820393189061051999999999938412
43599999999999764765354411371876271946410905784223509053806214699999999999999999999999961726235064476070083254889999999425717823894585823102312025400499773501167699999999999824
94999999999999996373050222293368206070237948671306187148719682322676899989999999999549613950628765148610587749999999999732439347711790241505104984006797613156781599999999999993
41999999999999998571390649112523549186973371455880306754928535109963866611299228112720855680100288969224125121999999993807847052192607170709178310091401118119299899999999999990
22699999999999999397474799906589371196275938926347035819014397484332312192950811492763899483028850392476311978999999661687636042706205742924023523970317862999999999999999999927
11981969999999999998999999999003744131819306068128088305046580244940535362017637620446312723945151852966279999999999296160774475570905594359222680470528013999999999999999999257
12746791599999999999499999999845259231045204320860688675877400081269909875564751053925023903501309256363499999999999426996547859512553670747674983439301478799999999999994990513
32319999942989999999999999998739273988695591533219233849632528809866721890370296160006490923758176855924459999999999194593330919706810350246425531704312269997239999999972358980
79332483240259999999999911180386576140378981839580670966101408062564584500809458593928471198209810111315199999999995644248526098696332599806865406962355029497115999999977843915
53320936014504999999999999505738934932170665197114474858303140408861662812185671290361434235575584029999999999955813343052920748010604457234895502261892817574102999999676999118
33700266331209999999999999093417424998234589853493952046504873000528683740255794119171921678536980999999999999935077839666307120841075907214185105952969132794874999999194891161
24889132201249999999999999999018999999952294988669178835620642405410381819152598932283226267630299821999999999999914785181286585373823470077235130963796445715659999999654999994
53799677185799999999999999999999999999930792325833135872762491459600662810589548184292317944748967976999999999942585577210971826372515149244041032500227557405249999999999999999
11805626746512499999999999999999999999929654189273817523156710211758314576849161896763642099999992699999999991411978732629864730136768112096780322936483816599999999999999999999
62276158874521633691759859999999999999999034289999960611856693058773680740593197147347979462999999999999966519780996304341957189009711916942855570023712219999999999999999999999
66613441944243523999430501999999999999999998099999999398792117815686623811248724999899910214299999999999774929351986824512150049535291630153646936131185692999999999999999999999
33626836025457168423880131799999999999999999999999953722439999982499749969984214939999999999999999999999896527295199602698470521272524875057633029000766183999999999999999999991
81940194172470272233373165299999999983999999999999994123733899992233635899999385599999999999999999999993975990127014510044068665018687456399755712657086799977699999999999994108
73654466891066730345875637099999999993749999999999999999999999999126059999999999999999999999999926068875088502600706434873870287075016785338783359918956891167355999999998579080
05010640059090293699337628119999999699937199999999999999999999999999999999999999999999999999992399043013031752247857115087587513695282805088409284619617305135447499999999909652
23920287178627735519999924968034999808691999999999999999999999999999999999999999999949999999999997170248611747547287044479537264620265779200802042729319283219537591899999999158
55493350405833957651615771801712499930625799999999993589999999999999999999999999999952729999994154324730147696914061751948646401953919639637783035192532238321829345799999999968
11864037186955474413221555302115429564433579999999989958189999999999987199999999997276772122783836973098782713164676473539670164172400232260257872975921729914965655616999999942
46462888736797800861503695136425784715176961999995923750349999999998982626999999999944122135060521520326450668205929802748463475035080255630229167971946616036131899998999999992
89902785030211535196288975589647243798873357667507993980887999999942710786134989379962322180366397177103108619278034848099685641340517417589478553416179999999114299999999999998
91757393408874747230267272826664184656366269441471999019977971442999436054876127475657628251421396299613074655536562267813767356632524540680569558236899999999976799999999999999
99833076741893789137385156770185636837370454242089084277161990915187752738522047743542931058621778335245434816228275606701073630020985331184380303456449999999299999999999999999
32035133818334185241524679866707303879013962104595158691174060296346868294859125949456474038375403994430475446424213812385422450424086050267243130201359999999999999599999999999
13599470361135462125352120101681851576156855048887664075901514903721322398618358256211082101348155636706610133303148521892768360587525826385645836799994289999997967999999999999
11512845848960726046353251003736702301277395684747362144782569752336163613505683237749104769627531884468442586233084192793862993963524379045006540992499519999824501399999999999
70803997372677500436933814514608319346158011961630076918824690664574127469749600892908345914518398083816222249098464154099305216141315529479999409652221307749987214899999999999
