1851631656754156187626878181555956588271111788687516637763379731114229542568892218262796939281962568836587958994585684913629814724814614167293166712973668148712441441738759425329316772411488666531231897
6284595762254629219654868227571915491111111115441882822111111111199496895612879289994477983223799711111144749131764247278921676473111111111115234444733111111111512946925651456443146126445981111111111783
9412111111111548381891111111272253311112374811472978161112111111111673792111111797982798588335118116392115454181111111166532358111164754278222759447411115746411156611111115814211111967376111162262119813
6111111111111114513531115625144733111783151156397881893311121569811137666121111184521365248682314162869143838891756615524747271187274957528724552376113734693481145711118656831271711131314115468111121854
8111153726369211134481115459357688811111762799161751653345119888391197562121571115486771334724597167835166973719762911559987311861596397711112546721374512597451111194313997446911112522672911156633234925
6511863259231618114953321116673934826111586632472582363453351187361157889111811678247951714436276116945183337752247319989189618788721111974611578115229559825111338115981691954856878111523366111837188472
9811176188811114921729487428142611633547287271312296629168549168821176519611134947878313293111821111343435345384153913148373311111111372411112746714391111113111263931111111769311446796388827927418852874
1721111111111111118969794121663582732845913754158111111111335134111693329911116867125159665129758377117771663557165311647111241111671111114111713318126279311119714724322313291133957428861711144352526422
2998111111193621414918544671111111169571958125111111111111112243847648245951211123711362761117445948115118696111124571376111142292635681186112676314757148893255995198125481111111341735621111881114419188
3139177444764615497548262411222222118688495811111115513392113397556971111111111111117667545115358295882636261122152623111163829911154911485774325768722115123366739171591112257231962438211229311991513116
1421323872723661112823465112111111111146767111185699984155382547831111112218568111391267329411318794619675111222171769334982971111116311367133677495611171124677771716111562936363258281132256644937143557
7382394837645111111111953812149286479124181113998617484971857665711111812211264289136111928556344484288511111232117176656283811122111418381126537888614438719398314311685718866819153111988891499543187939
5969333468136115131881174811112955818164994111461496611111799536111617112212829165311121417531697424111111991232181717653611112222116218973345151749814641247948619171559351223563316113524168328159118189
1619111117149111768566111725111197292166467511111111116318963264112313812114845751112221365579711111111493211222111111111111112332173111725291894861111717646855117484111185239857814213331114982197119787
7231111111159851361116355566181111526149862413898657639935374866119863111185454111222321763311111116825915112111111111111787112322164112569182742132998111185437159232337318539485135115881118731824182817
8921182313118868436544891388977291485975935996332771111111366838153828111672911122233321871111676868997611111185221792728891112221144111111473337341511341111111153588172136596951378317179711555711795775
1911163295711621275891321116492947821627416156967111111111111756185321119991112223333221111221111111171111114278811119424911222211626391547777411144493967552812679547155936113717661915921931111111537111
1811379189599162771846111211115726111111111171411111949861121958198111796611222322222211111111111122111221287964511734761112232116171476521311112187541683543469331664561115111111471631168473711191712597
7611719851772811552781121111114843112111112111691215832217111147224224894112222221111114111752845111111121111119835758111112332122249222653111222136511111111164337498111466113411291551262472916496175666
6711131186689412394935121189111965121152711213461111937155111632897948111122211111484727176491949914315111112111162564424312222111111111111122222185811327711111982351871363741117661827561318749358538121
4111123321112471127639111745113914121392941213191111178167658177435211122211116476231798234616331924251484111112111148611111111111112211111223221175711785336911966964976566188485593295856887785192569272
9851113111521114896515311133187464111166561116789591111392769672151112221112149713232111111111111111198467145911122111111111337253111113871232211454281696442791614149515136346744399324487654111111114212
8849111117419286292555599111312562412149487167967991155111568193711222111668983531111136184445711711111119144286112222111287871899233662811232115683951281411761666347576744111176948962155711181597421312
6673361366137711111114444852111899511116136413993434374635153251112221177646461116637219771787292843565211113627911122117262771111188483112222189239631184264791988682831111111571751352449411111637531492
7632119171635111111111165168813242926111163124711111111169146711222211123755971772622649832111142349736322116229715112211683744397875211122211131273952184137681817411111895537872883178555415486725111598
9981162963341111191671151848619936386399268599111111111114467312222114515158612714172241111114985943511111144459826311221115754338111112221115211591735312588215234631113341281377375977649512759935711189
7289267184861111812227121925111111111285564181121683411219852112221168262774329254766111221164751111143658171925274381122211895787111222111683978311119842852554269968118411113618411111936689975656945864
9691641933337111461836284471111191111111118825121193241117461122211475695547415862681122221934144155161991661111117181112221465574811111114884364411181134515428853486511111147133163575112755872334515314
9191111532262911118561523816114234162111177175121198721193841223218336111897713292311223321193586447791766281162611157611221116232987113588245815981125311292786591655174821759261392964511997512531257144
4966122197578717311119773861111128334441117746112146511158411233212989111191299738912233322116474438311463211115599826721222211125924411366217543811124851119171372911111889836319233157114432551111111157
4774138714814995189368524249711117763535268318711113111498412233215823285877817911312233332211111111111573311262594215411123222111111111115337435368117164112927341165311118993617977761137696321548591193
2191194541118134915713114288719711111117668521821163711227112333212645561242715539211223333222222222221515111294212243374123332222222222211183976793318844113572114595562111195397617844394576718684351185
2921175931219319161111113711439871866231933899688252811811912333218151111629867698731122223333333222111111111871211197397123322222222211111682947137197363611422119693412111197487897771314448639857811969
6461133191213368111118674882972267197681119664533573851621712222211111111111432684564111122222222211151112211368793111931123321111111115713348745693463176516661289121182111774472172543298737758576145224
1271161521113445111196438215489771111111211111175433611687312211117396849311113278841951111221111119783212211323652611335123321922571926667264132595112627115977143784111141515592441111111413956956451175
6511144211119131112865988181321111222222222222111152391291812111764515719541111164416523991111716467851112221317696111814123321194941733811111111176411216171151836982163518511111111584611111637752189665
1464119111783381111538111984511222222111111122222111571148611188511151915558391111122627214681171111178412221173411211591123322147884858111953626115773111121145984779546835634115479481371117776854388261
1683211118351914811111113921112222111164616111122221112811119161111162614328462411112338492574699199181311111328957611559123332111969981383168949517531968435571111111112829851164386613281114116111118533
6913861815815217936673494231122221131492224154111122211112211111198715116734588735111114245836283551111111511854862112732123432221182742939515881711132923311111111196311161371915556951111442781175111628
2692311621119312282238536221223211734411111189751111122222219551359643117611141133921111111111111111111118711186431161445123433322113287961663241134884877625192574852771123171567521111443937951595811146
7339171391175711415267319111233212649196152268438186111122211116874266118664861927615931221111111111165596118367211385971123332222211389199791119561656865816184386726111285351197141656731595611595711182
3173713671645711686316565111223214136158546733893672253111111111588418518841913575176111211123145225136391111479116812811222222111111113953512458523711147993116921111132798139271766111111412974135311627
6382137211175711255819365451122211412731111111196251183672116925526913983814839911111121114639832622219811118691128317412232111161946767217867911111112111752711235426956346662618611113811112528494419119
3483592511911111211161964473112221173961122222111136857833243831129793911121111111221111515472288124712111156411788752112332111933868511111111165535122221119177117211588622665497611957415119127747338155
4472757411112118461132251683211222119441111122222111172526871749846337111111122222111768279984247746287721189414736128122332116461664111161581115143123322211195511153941111111139915889161192838726485111
7477812833111124491119161114711112211179691111122222111111111111111111122222222332123117465781111161773781251324895411123332152711459118874211274661123333222112122736111111111114511819592566818411145924
2719911576944459551529111567276411111111123276111112222222222222222221111111112232111111111111116419764311748486264112223432111449432168259113199211223333332211321191192811265116391113854138831117111712
9714451118491756371394711293829574331111111665445411111111222111111111331713811222222222221111162811111163762958799122333332221421656611951155538112222222333221113911211711681115752981111161111158911124
6339251158731222691132111165134533426249291895973867293571111197556924343721461123333222111943494711118311142834111122222222221597137486118126751122221112343322116811782623111163626162613515911816181956
2278762113874191541111114161111111691949844366848542211824811311111111363877956123322211156938161113581711581683112211111111111139217711124994811222211212333332216611876261139723726111119884912993311644
8112837111567211356411117191111111194459111111119359153464117915672911313287321122221113996696111622111141997311122112825762413126461196535716112222113612222223218831243415672711111111111747156434846586
2617841111831971132328381311631561115581311111111364115687177325581112384911111222111357424211379671117185564112211166228468566631995274482211122211119812111123211129199788249111115818111871289269498481
4111282111468114114288697112759111114882711947711244149411114393441139941111222111194145641117516113889136721122116445132211111186849432741112222113931911181123221925496282931111342977596264398333876822
7411193117331119119935384166615612163453371616851116691115387684115763111222211178131744978419511618116527111211138271331918111911291981111222211193267111377123321197495616321119892573146564251111119719
1913511144416113116773771687718811156528439165171771111785132511124211122221119767371198385411117341198541122111247111511115555952191111222221111588261119763123321695267311112111138939761664911191111299
9898414116894211116316591979243111187111111869332111116788671122491112222111753691265111116141691111546111221174261258623795644111111222221111777113631114621123321128953112169521111111136654118665621155
9595873988627961524794466868581137338111111574545661173281118433111222211163484478799312216391111633611122221663626393624111111122222221111321521913111168321123321667311122112474339714552487117819331121
7931271836398495463577439414914791181196211115916191115111274721122221114396586672623112116568751135112222221111111111111122222222211111657959118858111169921223321871112222214455549668725419176187371117
3617227943246722381925947568456415911379712194784915111631291711222211948755121412948121184384557611111111222222222222222222211111115146139741194961111563821233321111222333211273211111112938315731411167
8453511769131176216629729888815259661994212112855224873162371112221112126613961783111111831664111111966881222222222211111111119454242259211115488111114479711234322222222223221398111812371832434654111214
7756941565155132211957121111111214573352411199393316242366211222211429861189496836121112128211116859256111221111111112151974465512641667152656431111898226112234333222111123321154111398761171645342631691
7726781178194143511444151215151133258585811689595311585685112222117255114523518291111378991111144271111111111443326933356159111111111454194283111114327911122333322211177123322156112261553255651131146696
8547611159121116931169431388641192939179914666149111193131122221121411112726191211181847511135517111111114274494191533551111111111111116828111118379641112223322221111969123332124117815534317349764893969
9317461126117714151112921879711938142957697441196674195311222211571311981311949114534991111952891121114477634187895111845975126391612214831113752357111222333221111915361123432154411135626865374511119689
9131711762111216751111425851113783697143171211577926142512232112361114123117341139774111115257111111678334641775627111389733336672312119133984525821111112332211811154829123432187513893842943314716711254
4635113378711116371826111111157637127912913611953731171112322177841124911111111683773411146841121184772571911381611128458911817344111145391847825111113412322115719351122123432128893835949453347155651641
7492385373111119763481867911989221893311957811532541667122321192121788111223492141159111972811211389261179411424111519735225724511116682728724241114537112221123114891141123432139668171111183279114741981
9446517243253472786332521887495911119581164711231917325123321748114915111176342462728111312112212293113944117941176695729511111111646694313725111192331122211574113221176123332136561114529271199683323565
5838187763541888815854111372162111175191991581111191211123321254168744112962678511661114989122113242113351152111545677811111111184445616738611111614111222117757511511137123322159111219264321144457918164
2611641112116136741899266711178111231111225828722811981223321176677131115366797116881214651122149731124971223411324135158252451113596546211111289853112221132444911191961123321178113966355311444961795414
8811543118916951731199211921697241111134286453723437541233321243452326111611241192391215221222178691229511128419155211362329331113111111111154621811122211652846712111581223221158114154791119964917936956
1651651163714622635111146711596392614836886617238432331234321141111114911169111136111214191122162531157311363316746471883712611111111111458173452112222115154184111111661233211354418676587385776111111233
1881111145911437161851111114914828132227791193137712141234321157471111118111116933511111473122119312114181183714468657471261111631394239511156121122221132146211199519311232219485111961913491111656611287
1645917466915761166324616839455817265341181141611974371233321225265118771388541917934116973112211453211777173412671111111111184854571111196395111222111496826411496711312232113684311111863711945657116847
5154833777111562171319846119154651482746911179211429111223321567911111296713817112918111724911211526261111184212131111111551963131112596857311122221115741264611184711112322122114488182487111927951495515
8738341641187521158166139339251391159715329114561159941123321921111197511111111112374311167121121192347311946817614577381347654167543825231112222111279718784991119681122221145631114485991126789715881184
7167268811169911592313115221117721118314697111111183951123321182112951511173911818552191119923112119459399987118162238111111913291178248111222211143486129211111128911222211751111111117711819285428735558
8411331218111111977343214948152611193674789919196414478123322174111256111669972629144122111845211111119887555976217111115641176462517111122221114446766698112328368112222116231118213112211973959111864359
2111461538816589396514411213711111298151245929692737819122332112211182681395896955112642691111865122211116543334769171234978792341111122222111532741145494567556681122221142571147687911811111111187388298
6118256831512423416593419546817612966198111116111118887112222211131161498517116641111449589811111123222211111842984632346991111111222222111138417435311857768749111222211454478132561621896951483345111129
5131263173886228115414112596263799351222929435575531114211122221653175747874911868411169574766111122222222221111111111111111222222222111178765417798811267172251122221112795524116647571117588376811361399
9111376211284711125511113853928319111121646993311483119945112221144689696386111182611111265191377111111122222222222222222222222111111192714643111184611626287111222111858474784117415941154364471713811176
7921728143119941111119761435919415351117547615371111173761811222111485115329121111928141111571938844631111111111112221112111111144973564425211111735511921211122222131455628111112931111169364324179721123
5882111576511454711342631119541551967111111111111192383222711122221138111139825111115953117994411113943536843584511111411153899188659565611111114378116551112222211156646111111591967511752545873967851134
2453881779748191336165921868387113933584166179193312795623484112222111122111657931111111115365431351111111111254378751364911111153148811112111341988831111222221116415111693116631543146129621352541851488
2434561133711171119265221155241144762744111562188937833714467511122222222221111698382111171511351469385921221272911111111111174499811112211152162216111122222111184311998591127553756645691651138249911471
6181169113819612491293926111115375433123911544727111118911996521111222333322221111322464827875911111111111111477147931111877915511112211117771871111122222211112979172241945539128699551276681181211174229
9596163111131583686728311472351946711111111174421611941111362852331112222333322221111166621231266121111111385843211181561651111112222214844611111222222221111719111917811584775148111111174323111111381138
8755111129842518561111111221513364162716411271124245989255781812755911112234333322222111111118451229922352912874346311111111222222333211111112222232211111371332811111146812153111111465591232557116727732
7384511152329214311388853117727733644822795898769758965121882199716817411234444333332222222111111111111111111111111112222222233333343222222222333332113465238931888915882666611111783468129647459511111585
5326961263121243981141814154111654959878234878281711165498541456238478761233333333333333332222222222222222222222222222333333333333333333333333333332183457153224617562693711331118428571111913827111291283
3724651196195731998111155781519694211111111111111111111111111111111111111222222222222222222222222222222222222222222222222222222222222222222222222222111111111111111111111122866111111117718564765115231983
6575381188165616131457111113478593889735311111111111111111111111111111111111111111111111111111111111111111111111111111111111111111111111111111111111111111111111111118111472721929155263417617851145498584
7651391987193479317122394991837419117827748419953454383328617126227639884611175898422331875443478511746334248818476759561333328441684173416348488677496981684674112215643112817613861111111115721111345138
3441115127911576167412498338626265743311691968171111111138671711114554617678261111479327923311111762524882615259366495571111194533738114111793516316627111111113166736111111158688311734813111165131328589
8989274975311111141922231115661385349269119811116792111114311124211118296611111111111977571141681111783967423115597831111111111194471111111111141515711111166111837241161321113152117128861911949111266547
8138473953797381137214385111115429464186231391496727751118117752591135745188954386121926111664152812246512832931114721191868443118961116471115113263611173153988196578219798114387116444623111758143619336
2529612427693479552966618548116171111159911481628218111419191441111843235367818511111153818534122122226181185934119891111287189912971483617636192581119536134568689778554537316827911116813153236577246814
6534137596814359781125648111134461116556116933574235111562911111523434469868111111216131275239615359884891115478311575119945153694711598317899481123119131211876525311657723611368381127647133681846372994
8881787151415575855991125493256938831191183341847714968971727988484839396862912558384398928273569911111171921144154881161227844114276179511611717634483111114433887872766589715834332745921617946111115853
9941292164781797548513211991895363578529717445487796461975482594963865429519611756552867161331159117555711788562638343319658547192666694891111177122196611437732111386955397112359622117332732461151211938
7131786191232166941793241419852111111129686758255911111111115511153111111897573143439111111111827155395171957934186288465498972113689611922688611114757111766489275112582114361677146311617415858237211972
2391684831759193313685411963632937645127111129483199543765911292116857461114212119342887841811986313411723148411214214966666311125962186479647118111851119644698412411135169585188392321675851292496211875
1621152229641543491195119525798777276818131126242944689796118365371121961115166691116587931116287654633388811361655321597636666118857162386122111111118411176117252421111113914311214711917138192248114494
4482111111115279319111165389366111111111149182248511111111425577111711111116433829963111111995496168751373579666111111111992419771111175225215432319947438111146333478225851946696611427969939511111131561
